1
x,x,3,4,5,6,7,8,9
2,2,2,2,2,2,2,2,2
3,3,3,3,3,3,3,3,3
4,4,4,4,4,4,4,4,4
5,5,5,5,5,5,5,5,5
6,6,6,6,6,6,6,6,6
7,7,7,7,7,7,7,7,7
8,8,8,8,8,8,8,8,8
1,2,3,4,5,6,7,8,9
1
x,2,3,4,5,6,7,8,9
1,2,3,4,5,6,7,8,9
1,2,3,4,5,6,7,8,9
1,2,3,4,5,6,7,8,9
1,2,3,4,5,6,7,8,9
1,2,3,4,5,6,7,8,9
1,2,3,4,5,6,7,8,9
1,2,3,4,5,6,7,8,9
1,2,3,4,5,6,7,8,9
1
x,2,3,4,5,6,7,8,9
2,3,4,5,6,7,8,9,1
3,4,5,6,7,8,9,1,2
4,5,6,7,8,9,1,2,3
5,6,7,8,9,1,2,3,4
6,7,8,9,1,2,3,4,5
7,8,9,1,2,3,4,5,6
8,9,1,2,3,4,5,6,7
9,1,2,3,4,5,6,7,8
1
x,2,3,4,5,6,7,8,9
4,5,6,7,8,9,1,2,3
7,8,9,1,2,3,4,5,6
2,3,1,5,6,4,8,9,7
5,6,4,8,9,7,2,3,1
8,9,7,2,3,1,5,6,4
3,1,2,6,4,5,9,7,8
6,4,5,9,7,8,3,1,2
9,7,8,3,1,2,6,4,5
1
1,2,3,4,5,6,7,8,9
4,5,6,7,8,9,1,2,3
7,8,9,1,2,3,4,5,6
2,3,1,5,6,4,8,9,7
5,6,4,8,x,7,2,3,1
8,9,7,2,3,1,5,6,4
3,1,2,6,4,5,9,7,8
6,4,5,9,7,8,3,1,2
9,7,8,3,1,2,6,4,5
1
1,x,3,4,5,6,7,8,9
4,5,6,7,8,9,1,2,3
7,8,x,1,2,3,4,5,6
2,3,1,5,6,4,8,9,7
5,6,4,8,9,7,2,3,1
8,9,7,2,3,1,5,6,4
3,1,2,6,4,5,9,7,8
6,4,5,9,7,8,3,1,2
9,7,8,3,1,2,6,4,5